scan1	scan2	scan3	scan4
1145.1677	1778.3423	3138.7314	4516.0254
296.0000	472.0000	869.0000	1374.0000
467.0000	692.0000	1179.8000	1992.0000
795.4694	1247.3893	2176.6643	3329.6538
2084.2793	3334.1765	6084.2651	10014.4961
525.0000	688.6923	1169.9434	1825.7858
266.2000	384.1875	732.1111	1072.6000
495.9074	742.3148	1313.9796	2009.8334
565.9101	895.0319	1616.3943	2495.1416
1160.0336	1832.7114	3259.6541	5295.6616
7119.1611	10636.8057	17727.7461	27611.3184
517.7568	786.0269	1421.1209	2251.9128
349.0000	414.0000	772.0000	1126.0000
2267.2178	3687.1182	6532.6343	10765.9346
2479.8457	3672.8054	6468.8120	9810.4160
446.6283	658.0741	1188.8984	1836.7362
306.2857	434.1270	775.1945	1135.0000
6705.9600	10994.5508	19287.8652	23677.6738
718.8485	1080.1500	1674.6945	3004.8333
1505.1343	2280.4966	3993.0000	6035.9712
3158.7517	4772.4834	8247.5703	12428.8027
476.7857	710.7885	1261.3334	2046.8750
314.0000	440.0000	881.0000	1611.0000
762.7249	1181.0336	2134.0334	3271.8386
414.0000	577.0000	1086.5000	1612.2380
505.4493	805.8252	1414.5070	2338.5034
342.3226	516.2185	900.0091	1408.6250
2007.6107	3206.9128	5688.2617	8839.4492
312.2820	498.8000	899.1905	1610.5714
302.0000	605.0000	727.0000	1352.0000
3015.9934	4648.5303	8263.7109	12555.9854
7857.1948	12267.4629	21387.9531	33731.7969
342.0000	456.8400	854.5000	1501.3636
349.0000	481.0000	943.0000	1363.0000
397.0851	614.1689	1095.4595	1713.2280
748.9231	1119.4783	1923.6428	2870.0278
1949.1946	3019.3691	5301.8164	8325.0957
320.5000	522.7500	931.0000	1379.0000
485.2500	727.0000	1393.0000	2108.8333
4052.4966	6263.4360	10943.1543	15464.0615
2802.5337	4443.8052	7642.5840	11060.4238
248.0000	379.0000	669.0000	1079.0000
1155.1209	1853.0336	3303.6846	5082.3311
657.4161	1036.8724	1855.2147	2982.1946
504.8222	790.2642	1388.3486	2214.4678
356.0000	537.6667	890.0000	1438.2000
2744.2483	4278.8320	7408.9595	12154.2158
1526.6376	2428.6309	4214.8301	6760.2520
4639.4092	7018.3022	12494.5566	18123.4414
1318.7450	2131.8503	3751.4275	5924.1270
674.0486	1069.3071	1831.1348	2878.0754
810.3221	1224.9261	2183.1543	3237.5615
608.0203	966.2770	1687.4229	2656.0671
719.2427	1107.4794	1919.7266	2997.8430
816.8028	1332.9861	2308.9148	3644.0408
390.1538	537.3444	1040.7500	1510.2361
1044.5033	1686.2349	2927.9531	4624.4297
439.5811	646.1837	1147.1837	1739.4694
480.5118	681.4074	1323.9030	1966.1384
5186.4429	8293.5508	14456.4092	22686.7910
751.3712	1179.5154	2007.5896	3268.9568
466.0000	613.1563	1094.7742	1699.1333
1525.5973	2439.0815	4202.9863	6840.4126
3968.2954	6248.1680	11213.2549	15525.7373
532.8333	815.4034	1392.5120	2344.9553
1206.9044	1972.9111	3339.6267	5492.6519
6071.0405	9961.0000	17378.2480	26361.5664
508.9375	774.8849	1364.4539	2085.8103
840.2416	1271.9127	2249.6418	3335.0393
1661.3716	2639.1812	4616.5474	7218.8911
742.4899	1179.4121	2029.6735	3029.1567
2437.8726	3888.5771	6965.6509	10729.5264
361.1493	555.3402	966.5377	1562.8816
362.3803	520.9902	990.5250	1416.0825
1281.6913	1983.4662	3550.3784	5058.4951
474.7040	694.9421	1257.2869	1975.9916
576.3803	855.6194	1483.2794	2304.3577
3134.7944	5171.7163	8906.3037	14416.5566
921.7941	1382.6285	2526.7605	4778.9512
705.1862	1132.0068	1945.4966	3153.5945
321.0000	416.0000	751.0000	1171.2500
1381.6082	2079.6174	3643.4160	5637.2837
330.4825	554.9128	924.4595	1479.2986
3364.9397	5376.0874	9657.3418	15216.1748
406.0385	616.3281	1150.9032	1708.4576
2774.4094	4075.6777	7318.6309	10246.4961
374.2308	585.3137	1021.9402	1565.4421
448.0000	568.2609	983.9583	1587.5000
837.0625	1260.8926	2247.1409	3611.4658
823.2558	852.0811	1681.7800	1873.4216
862.0939	1340.5167	2398.8523	3812.7837
2037.1805	3210.7314	5629.5957	8901.7012
372.5636	528.6286	945.3903	1468.9559
721.8561	1160.8298	2102.5913	3270.4888
247.7500	385.7500	687.1429	1063.3226
1974.1232	3013.7104	5413.3062	8958.7695
493.1765	737.2667	1275.4667	2057.2727
845.0789	1291.4380	2200.5547	3949.8455
1010.3820	1623.5525	2861.3027	4617.9570
670.8732	1045.4897	1757.9507	2625.1201
356.0000	513.5000	935.6539	1449.2500
1183.2037	1670.6909	3146.4119	4941.4585
847.7651	1267.6644	2218.6174	3260.3147
281.0000	426.0000	774.0000	1146.0000
964.2412	1580.2086	2741.6204	4387.3813
425.7744	630.2174	1142.8572	1794.1250
601.2137	881.7902	1590.9014	2572.5845
470.7813	709.8767	1170.6666	1874.0303
1559.8456	2465.2148	4191.7183	6852.5205
302.0000	527.0000	978.0000	1625.0000
1182.7987	1923.1477	3315.2617	5456.9800
406.8333	639.6364	1077.9016	1654.7384
1423.0134	2210.3354	3918.0806	6034.1411
576.1758	882.1525	1535.2328	2485.4033
842.7181	1336.8054	2325.5303	3732.8323
1101.1410	1744.7450	3044.6577	4916.0874
5823.5166	9337.3955	16510.8047	26585.0059
623.8515	975.0202	1564.8456	2737.4021
2709.6040	4329.8794	7714.2148	12551.1074
1110.1418	1696.2500	2957.3354	4304.6563
256.0000	436.0000	695.0000	1173.0000
465.5000	752.6250	1272.0714	1893.8400
424.1064	645.4554	1114.4590	1728.5377
441.5600	638.8857	1164.2667	1879.4811
345.2535	552.9744	977.0784	1547.1692
342.4445	507.5893	899.6786	1446.4828
2785.2466	4280.6304	7449.4688	12539.7207
495.6000	679.6000	1199.7000	1924.2813
542.4683	861.4846	1501.2992	2422.9114
419.0000	730.0000	1347.0000	2033.0000
812.2391	1245.6383	2149.0212	3596.5603
1301.6846	2089.8188	3637.8860	5385.9858
0.0000	0.0000	0.0000	0.0000
1539.3643	2410.8582	4279.8130	6716.2705
1322.0952	1996.2751	3636.5676	5368.8442
345.6184	536.3823	1011.1786	1471.3151
724.1948	1111.4742	1992.7815	3008.0313
405.0000	580.0000	832.5000	1286.5000
362.0000	444.0000	1059.5000	1214.0000
5478.1143	8932.2754	15648.9326	24107.9336
294.0794	433.0833	789.4342	1230.4000
3018.3489	4924.2280	8752.7051	13704.4053
4794.2349	7337.3623	12788.6377	19801.1816
2454.4324	4040.5715	6780.0542	10180.8662
252.0000	467.0000	861.0000	1483.0000
507.2917	723.6000	1328.4482	1961.7455
617.1469	959.5714	1636.0743	2596.3188
430.0000	584.1667	907.2500	1461.5714
294.0000	458.0000	915.7500	1283.4000
361.3333	499.5454	825.3750	1263.5807
350.1250	526.1262	951.0425	1557.5309
1381.5743	2203.3354	3820.3623	5772.2534
352.0000	528.0000	1113.0000	1550.0000
2059.9194	3076.9597	5417.2026	7885.8560
1086.1689	1766.6846	3045.1477	4693.9380
1402.9731	2174.2432	3847.8853	6235.2876
639.3289	1013.9194	1725.3557	2723.0476
249.0000	355.0000	687.0000	976.0000
719.2721	1074.6165	1919.4041	3036.4263
706.0709	1115.7592	1919.0845	3176.9709
2485.7986	3942.6377	6900.5571	10532.2041
538.8851	813.7483	1462.5714	2264.7622
289.5000	332.0000	627.0000	1223.0000
4472.6577	7337.7114	12944.2754	19377.6621
1070.7731	1632.7316	2948.8069	4695.7046
682.7551	1063.9060	1892.9662	2948.7986
406.0000	613.0000	1176.0000	1804.5000
284.8571	407.9546	715.2800	1166.3928
477.0000	548.0000	1169.0000	1487.0000
501.5000	763.6250	1269.5927	2223.7778
497.0406	769.1791	1327.6000	2119.2620
888.1348	1399.5879	2419.5234	4008.6377
1243.3020	2004.2886	3353.4294	4956.7310
541.3953	752.8409	1437.1860	2262.4707
367.0000	534.0000	939.3333	1784.0000
1011.2819	1606.4497	2782.8054	4334.3062
375.0000	514.5000	879.6667	1480.1428
251.0000	339.0000	707.0000	861.0000
391.6129	575.0263	1013.6000	1640.0264
873.3490	1409.1544	2475.5974	3929.4229
286.0000	388.0000	777.0000	1226.0000
755.2877	1160.2925	2111.7874	3169.3940
4342.4028	6468.6777	11002.2354	16991.2754
505.9366	804.7063	1438.2214	2214.6536
197.0000	381.0000	587.0000	986.3333
616.1567	904.6345	1581.7007	2475.7463
481.1395	751.3088	1280.1250	1996.0909
401.4955	611.6336	1051.9708	1634.5840
368.9577	560.3759	972.3357	1553.7305
7603.8188	12098.6777	21411.3750	31877.0195
674.2000	1078.2136	1906.4952	2953.8491
287.0000	398.9000	753.1250	1214.6666
1713.4063	2709.2678	4725.7798	7142.2324
1478.7739	2304.4153	4078.8420	6014.8965
1104.5637	1795.0000	3040.8254	5032.5703
934.0282	1506.7972	2643.6689	3952.8623
738.1447	1075.3853	1896.6917	2701.1638
481.7813	716.0000	1270.6061	2072.7000
2800.3623	4357.1890	7755.9863	12519.3721
659.9648	1028.0490	1750.2245	2851.2617
600.3674	912.6443	1676.3289	2627.4766
528.9187	803.8276	1422.5775	2190.8657
1658.2177	2710.4797	4868.6509	7818.8618
1548.7853	2456.7920	4329.6509	7143.0537
663.0082	1012.4907	1750.8750	2633.1943
3595.0334	5687.7114	10138.7646	16347.8125
283.5454	433.0625	720.6500	1135.5555
2773.5100	4546.7046	8239.3486	13031.1816
587.1476	903.8367	1588.4552	2503.8345
704.9076	1048.2721	1858.4586	2932.0081
2070.2349	3210.5571	5642.7651	8742.6172
627.8000	782.6000	1459.5714	2415.3333
963.6309	1536.5436	2672.8389	4174.7026
516.3969	794.6638	1427.6434	2248.0513
2498.5437	3945.2014	7187.0737	11517.2354
1287.9121	1995.3490	3606.8792	5499.1538
1495.0411	2350.9177	4058.8289	6508.2705
396.0000	473.0000	980.0000	2160.0000
623.6884	980.3106	1681.6320	2770.0071
358.9397	606.2095	991.1095	1552.9341
325.8125	521.7273	912.8500	1479.8334
1103.3900	1717.6143	3073.0566	4994.2705
850.9664	1315.7383	2352.1477	3740.8120
359.6667	583.0000	940.0000	1364.8000
727.8750	1080.0834	1875.5000	2364.1819
236.0000	391.0000	901.0000	1484.0000
429.5208	625.1000	1134.1864	1632.7869
508.1111	801.2537	1400.6567	2236.1499
245.3333	447.3333	681.0000	1161.0000
1334.6666	2100.0337	3704.8918	5754.4888
570.0185	811.7558	1469.7500	2162.4719
553.0000	614.2500	970.2500	1924.2500
1122.5369	1758.8792	3035.2148	4861.3691
814.3035	1281.3741	2256.0339	3489.5073
1152.4698	1819.1611	3260.0940	4865.0205
499.3130	770.0839	1306.6884	2225.4385
426.5000	592.7500	1064.2500	1757.8572
380.3095	598.4634	935.2949	1363.4935
1272.0269	1995.8456	3480.7651	5136.2002
4715.5840	7311.3960	12591.2080	18317.8340
423.7632	561.5192	980.6000	1648.3704
517.3549	747.8823	1289.5652	1980.1818
1038.5100	1611.5436	2856.0066	4582.3354
397.5800	558.6364	1000.4407	1489.3529
1845.9597	2882.0537	5105.9263	7698.0674
2834.4631	4460.0469	7922.2080	12337.4697
338.0286	497.2353	916.3658	1525.5862
1022.2721	1591.6376	2865.7366	4600.5366
559.9143	814.3774	1393.8656	2274.8208
1195.4229	1846.6644	3287.5068	5387.5781
362.3333	482.7500	823.5555	1579.0000
477.0110	746.9474	1284.9314	1944.7527
293.0000	391.0000	669.0000	1254.0000
369.0000	585.5000	917.0000	1688.5000
2234.9194	3592.5234	6283.0737	10127.6279
2397.2820	3695.6646	6710.4092	10747.9199
2014.3334	3083.9456	5454.4092	8228.3672
435.2500	662.0403	1267.9896	1879.0098
820.2567	1241.3087	2243.2568	3396.8726
429.1905	568.1219	1080.5333	1645.4242
408.0588	608.9091	1023.1667	1615.1163
367.0000	486.0000	1026.0000	1258.0000
638.4883	1014.4427	1730.0303	2699.1008
1717.9116	2696.0537	4833.9126	7604.6904
1922.6376	3025.1006	5206.0610	8518.1484
1128.0806	1797.2013	3085.9866	4516.2778
1589.3289	2462.3088	4367.3555	6258.3408
634.9708	1019.9930	1756.3846	2829.2280
998.4765	1469.9799	2620.4229	3928.6260
1305.5302	2084.8389	3708.4595	5730.1406
502.5701	758.3817	1366.2280	2175.0833
795.6389	1193.9370	2186.3445	3388.1323
240.0000	403.0000	571.0000	1256.0000
368.6667	531.0588	936.3903	1524.3334
529.0895	816.7316	1463.7279	2252.8706
375.0000	598.5000	1074.5000	1617.0000
530.7385	810.1385	1453.2681	2209.7891
286.0000	461.0000	955.0000	1373.0000
547.4631	874.4150	1490.1700	2475.7466
417.3171	593.0513	1034.7241	1590.5862
1404.3557	2148.9666	3894.5637	6115.2080
685.7664	1037.9728	1832.7748	2901.6125
374.3333	604.5000	959.0000	1561.0000
341.0000	468.0000	1070.0000	1491.0000
300.0000	782.0000	1269.0000	1245.0000
439.8702	678.1761	1227.0508	1963.0769
2697.2214	4284.1475	7145.0337	11167.4619
963.7361	1605.2072	2762.7104	4531.0220
522.1783	794.1374	1390.9200	2367.3613
1730.3469	2830.9526	4916.3223	7596.4565
454.4234	671.4122	1186.6985	2019.2638
1793.9866	2847.3892	5152.4028	7189.2129
569.8046	892.3171	1618.1951	2430.7778
1688.6241	2712.6870	4989.9731	7989.5234
863.7584	1327.7920	2175.4026	3345.3438
1208.7316	1849.5570	3209.1140	5101.7715
340.5000	526.5000	845.7778	1485.6666
1534.6351	2387.5442	4263.4541	6924.0630
683.0373	1044.7836	1918.9254	2834.2783
561.4800	869.0847	1498.8060	2467.2856
1039.2751	1664.1904	3027.8896	4854.9058
1272.2416	2001.2953	3541.5034	5010.3169
335.0000	566.0000	831.0000	1812.0000
1222.7163	1960.5493	3463.0864	5870.3208
481.0000	757.0000	1543.0000	2308.0000
1046.5137	1626.6376	2972.8926	4776.2217
1118.1343	1792.5771	3079.6511	4958.5850
2239.8098	3676.8582	6264.2500	9235.5742
1295.1160	1973.0935	3532.9209	5363.7939
566.0000	695.8000	1161.8334	1715.0000
1775.8657	2714.2214	4618.6230	7670.2363
1545.8911	2400.0000	4406.5034	6911.0479
266.0000	371.0000	662.0000	1079.0000
415.9577	614.1579	1091.2667	1770.2739
390.2051	523.5379	914.5403	1567.9600
780.9787	1213.9637	2238.6201	3563.9231
261.0000	461.0000	751.0000	1185.0000
478.0000	691.0000	1153.0000	1930.3750
3405.9258	5318.5166	9674.1816	13472.9639
1003.0403	1511.1879	2717.1013	4347.9043
686.2500	1035.5579	1823.2041	2665.6047
713.0225	1055.9778	1812.1682	2621.9197
982.5000	1605.0067	2751.3357	4410.3120
839.7986	1291.0201	2250.1292	3362.0969
1693.5035	2695.8904	4762.7988	7685.7759
462.1698	654.7500	1121.6333	1740.5167
847.9111	1271.5217	2196.1628	3379.0212
2766.4497	4542.4028	7960.9531	13403.0410
529.7568	829.1141	1429.9194	2202.2546
1562.9127	2589.7314	4496.3691	7160.9600
2493.8254	3784.4229	6738.7783	9368.9277
268.0000	460.0000	660.0000	1180.0000
334.2353	451.3940	828.2500	1276.0769
356.5000	521.7143	904.3000	1341.0000
334.4000	520.5000	855.8000	1508.7500
367.5714	527.6667	848.6896	1411.5151
464.5000	643.5714	1109.0834	1724.3334
408.3571	602.9688	1076.7255	1533.1333
305.0000	417.6429	722.9524	1156.4800
597.3587	876.1909	1535.1544	2481.8091
1351.5167	2078.6646	3689.9800	5679.2642
355.4783	551.3265	953.0439	1467.3143
537.6429	866.8286	1459.1250	2305.7954
1054.4564	1689.7450	2968.4229	4584.9795
921.2800	1366.0000	2506.5200	4018.2610
1128.6644	1728.6107	3149.8726	4938.0601
492.8661	762.8793	1357.5118	2142.0908
900.3020	1432.4631	2609.1946	3754.5969
776.4527	1251.3624	2203.7314	3342.8604
5194.1563	8773.5840	15666.1143	24444.1016
450.2690	715.8524	1233.3380	1902.6171
1700.0134	2663.6577	4694.4497	7339.8828
512.9028	739.5914	1321.5603	2088.7188
342.1897	519.2982	914.6250	1512.8182
6350.0537	9694.0469	16565.0059	22923.4043
427.8992	667.8761	1097.9032	1804.4661
429.2537	625.6342	1099.1927	1768.6962
706.9783	1025.9104	1740.8214	3552.8333
897.0939	1407.0269	2536.4832	3928.8445
539.5000	744.2500	1332.0000	1882.9773
416.8421	660.0000	1115.8334	1890.7693
523.9735	848.5305	1363.0560	2137.9529
3533.2751	5857.6978	10199.0137	16265.7852
294.0000	477.0000	830.0000	1983.5000
320.2584	475.4651	855.9692	1339.1111
396.6667	622.3040	1025.2205	1683.7264
973.5270	1561.8014	2873.0625	4508.2520
206.0000	353.0000	697.0000	1397.0000
481.6000	749.7692	1415.5385	2368.1819
907.5101	1480.7853	2549.8792	4003.8926
529.8926	818.9847	1454.2195	2227.8545
422.0000	674.0000	1200.3334	1853.0000
318.0000	542.0000	864.0000	1445.0000
449.0000	682.0000	1170.0000	1973.3334
504.1463	759.3148	1351.0349	2242.1707
382.7143	556.6818	982.0000	1457.3077
665.0156	1040.6693	1803.6084	2883.8347
352.7848	551.2439	1030.8334	1492.7172
4545.0669	6857.2231	12503.3359	18471.0000
858.3154	1338.8256	2403.9324	3853.4160
743.5344	1184.7175	2066.2422	3261.0615
441.0000	693.1328	1303.2518	1912.7260
382.8933	545.8430	953.3714	1640.8077
442.5636	710.7368	1274.7307	1768.9642
1097.5570	1704.1744	3099.7986	4727.5171
421.6720	690.1250	1160.8120	1995.0667
262.0000	394.0000	752.0000	1000.0000
480.3500	606.4516	1135.9615	1504.7222
415.5926	586.1964	1067.8918	1775.7667
472.0000	731.9334	1233.8823	1832.4210
1397.2365	2215.3354	3887.2771	6280.8467
3649.2349	5771.6377	10256.6582	15165.4492
1064.2109	1628.1007	2764.8792	4563.9111
335.2105	540.4117	1035.8125	1481.0000
578.4573	906.3333	1608.5354	2684.2234
340.0000	387.0000	819.0000	1156.0000
1163.1096	1859.8176	3299.7974	5254.4780
830.5369	1292.6418	2262.4729	3559.7297
1031.4296	1542.3154	2757.0872	4123.7539
503.0000	762.1667	1197.9200	1811.4500
5486.2349	8474.5908	14792.0801	23525.9395
375.9355	525.2188	1042.9500	1486.3889
500.0000	717.0000	1237.0000	2109.5000
270.0000	471.0000	719.0000	1193.0000
3370.3489	5282.9063	9481.6045	13763.8926
655.8511	1024.9657	1757.1959	2859.8298
358.3750	492.1837	843.8979	1486.1111
711.6929	1116.1387	1862.7042	2992.1929
544.1282	861.8530	1517.8363	2369.4919
521.3721	787.8070	1434.4324	2087.7969
2015.7719	3159.7517	5508.2617	8418.8721
842.6713	1379.3405	2336.6311	3877.3713
348.4348	544.6582	888.5422	1430.5773
585.4080	907.3065	1586.6451	2426.8516
2444.3538	3915.9866	7155.3423	11144.7480
2882.0469	4364.8525	7762.5234	11650.1689
337.4095	532.7463	889.0073	1339.8785
1662.0134	2621.3826	4619.1543	7224.6309
1367.0537	2025.9110	3481.2876	5354.8838
766.1157	1169.0690	2144.6846	3341.1904
2811.7114	4368.1621	7884.3672	11785.6455
254.0000	379.9091	718.8889	1105.3334
2839.9666	4332.7046	7558.6914	10576.6875
595.1031	918.7629	1541.6689	2527.8623
3343.1689	5298.6509	9300.2637	14641.5313
994.6165	1552.3944	2808.3496	4386.2642
259.0000	415.0000	666.0000	1095.0000
3930.0066	6304.2617	11398.6240	17309.8711
3260.1006	5006.2886	8929.2822	13552.0469
515.7246	822.7518	1380.8445	2138.8999
993.4228	1646.4027	2893.6443	4488.5166
318.0000	496.0000	903.4286	1347.6923
2656.9460	4245.8696	7492.0806	11674.7871
420.7748	596.4957	1074.0145	1773.1261
1009.1006	1541.5771	2670.2905	4261.8047
495.5161	746.7846	1332.9752	2151.1846
4270.1206	6794.2012	12006.5303	17199.4492
376.1667	585.4286	960.0000	1636.2222
970.7482	1116.8907	2005.3170	3102.9268
2910.8389	4540.2617	8059.6377	12258.2012
826.8378	1263.1677	2207.6174	3248.4656
694.9379	1143.9586	1972.2275	3054.6558
2586.5510	4015.0608	7093.3154	11104.7100
810.0544	1331.6531	2266.6138	3675.7104
462.0000	525.0000	882.0000	1344.0000
2765.3423	4334.3022	7691.9331	12028.1211
342.3846	449.4030	844.4058	1321.8611
1203.3624	1858.1301	3265.1836	4690.8047
395.5263	553.1111	979.4054	1651.0385
831.8926	1255.4027	2154.5637	3070.5396
2929.1353	4812.2012	8540.5703	14149.6309
351.0000	419.0000	901.0000	1431.0000
1021.2684	1634.6959	2864.6438	4588.5835
470.9754	752.8644	1282.9083	2028.7064
495.7500	730.7273	1248.2791	1923.1200
589.0629	914.6622	1623.3197	2582.6919
951.5000	1518.8657	2656.3826	4247.3042
437.5625	637.4750	1218.0465	1774.2646
366.0000	634.7143	1168.8334	1770.0000
640.1141	1008.1476	1760.2483	2726.3757
338.9655	485.6000	885.5122	1407.8462
363.0000	481.0000	842.0000	1472.0000
1564.0537	2453.7786	4301.8589	6411.4326
3129.1946	4738.8994	8113.3691	12871.0205
312.1667	413.1000	758.3750	1165.3334
2336.3401	3758.1274	6728.9868	10573.6045
301.0000	457.6667	804.0000	1126.7500
708.0428	1078.3082	1945.8759	2982.6956
1701.8926	2594.4258	4575.2026	6956.1470
924.6148	1431.2133	2565.6160	4400.7651
360.5454	554.8387	999.6250	1575.4359
416.6419	585.4295	1106.3784	1643.6497
983.1745	1590.0940	2782.1074	4087.0972
1282.3423	1984.9329	3600.0806	5394.5908
949.3493	1555.1013	2652.2366	4191.7090
408.5000	605.3636	1067.4000	1584.7273
541.5608	861.3605	1504.1477	2378.8027
940.5582	1434.4586	2501.7480	4326.4692
2596.8367	4093.9934	7204.0205	11416.7773
2338.8828	3647.7383	6493.1826	10575.4131
296.0000	351.0000	720.0000	931.0000
562.3986	883.6443	1607.7397	2487.5547
3815.8657	6111.0137	10774.8457	16401.7539
704.2377	1142.3617	1964.5000	3280.9758
725.9097	1118.5167	2006.4595	3383.3306
621.5514	988.7422	1634.1077	2762.8000
568.0000	794.8261	1442.8611	2253.9412
1103.1074	1714.1879	3010.8523	4928.6777
286.0000	394.0000	656.0000	1086.0000
1253.4296	2001.5234	3584.3513	5610.5361
930.7297	1594.6190	2623.5642	4004.5510
400.9583	645.0389	1072.1100	1675.4117
3590.7920	5389.6177	9477.3691	14936.7705
592.2280	917.4697	1695.0300	2643.4131
832.5486	1351.8661	2229.8347	3850.9614
754.7778	1219.2391	2126.1279	3981.4819
539.8812	834.5631	1385.9913	2204.6563
347.0000	544.0000	1017.0000	1492.0000
2150.2751	3200.5840	5767.0400	8120.7534
500.3333	674.0555	1182.3636	1896.1765
358.5000	549.2000	891.8333	1413.0731
344.6956	480.4255	945.4815	1404.7407
451.0000	684.0000	1200.0000	1830.0000
1259.3784	1931.5973	3423.1946	5037.6714
481.4286	647.6000	1245.4445	1741.2500
544.2667	728.0714	1439.0000	2024.4193
2802.5974	4441.5640	7734.8188	10830.8545
602.9792	945.4615	1674.2411	2756.7920
725.2819	1154.9597	2016.1544	3202.3020
5461.9580	9044.8252	16020.5635	22280.4102
438.0000	566.0000	1223.0000	1354.0000
3047.6777	4763.7974	8216.7969	13434.1787
535.9084	848.5643	1452.2662	2408.5557
340.5344	515.5857	865.5268	1360.0000
6439.1143	10284.3555	18261.8184	27860.0137
2351.6511	3655.8726	6583.7163	9904.2480
388.0000	518.1818	925.2000	1464.9445
1081.4257	1736.6757	3035.5811	4786.2979
708.4029	1117.4131	1995.3451	3244.7700
350.0000	446.0000	868.0000	1451.0000
565.1188	867.1545	1516.8348	2436.2632
528.0000	787.0833	1491.7620	2237.3999
1045.4094	1620.5771	2823.7212	4228.5161
1719.1677	2642.2014	4691.5103	6888.7246
476.5342	731.2500	1285.5986	1957.6838
1572.6577	2507.3767	4630.7383	7316.0142
514.0096	836.6116	1401.1945	2387.8879
1547.0476	2399.3723	4253.5522	6546.2734
506.9508	799.5695	1364.6316	2171.6914
779.5616	1268.6510	2261.9531	3552.4060
284.0000	439.0000	810.0000	1374.0000
701.1973	1111.8176	1945.6013	3149.3806
372.9298	573.3333	1008.7742	1589.6493
297.0000	508.0000	931.0000	1340.0000
416.0000	552.0000	1361.0000	1637.0000
580.7687	875.1476	1592.5771	2360.9597
409.5000	580.3571	1013.5000	1550.2106
1150.3176	1800.7500	3125.2246	5081.7178
284.0000	394.0000	724.0000	1162.8334
1074.2886	1733.6644	3041.9060	4673.3682
1010.5238	1598.5472	2749.0271	4338.7378
517.0000	780.0000	1506.3334	2279.1111
627.8125	899.0714	1491.4736	2781.6924
526.4431	771.3652	1372.9500	2075.0740
541.4558	833.3219	1516.7671	2205.5427
2144.0566	3465.5168	6141.5205	9749.7373
1042.6577	1658.5369	2980.0806	4580.6978
421.0000	784.8000	1666.0000	1786.1000
1318.1209	2011.3960	3588.9397	5550.0068
423.1400	592.3964	1086.7959	1737.3261
537.5000	1122.6000	1548.5000	2426.8333
1668.8657	2639.8120	4782.4834	7200.8120
428.0000	639.3333	1075.5454	1571.5358
622.5750	893.2162	1649.4166	2460.2273
382.8829	566.9271	992.6989	1525.2778
825.4459	1246.7047	2212.8926	3413.1489
860.3706	1367.4727	2336.1633	4123.6924
352.2500	509.2000	954.2857	1408.9091
2359.4473	3677.9060	6431.5171	10510.9854
1227.1609	2001.6493	3460.1213	5479.0532
943.3919	1525.9865	2745.7124	4343.9771
506.4722	750.4588	1368.3513	2248.1250
970.6042	1536.5541	2678.0676	4197.0889
396.0000	606.0000	938.0000	2734.5000
1637.6913	2567.7717	4577.1812	7280.7183
1459.0403	2245.6243	3942.0269	5805.8569
410.0000	536.0000	1120.0000	1516.0000
993.2867	1510.9862	2703.5278	4411.2598
358.3423	546.5252	987.3770	1612.1724
249.0000	423.0000	604.0000	1181.0000
1750.4766	2725.0066	4764.3423	7364.9717
818.3054	1258.0144	2202.2319	3803.3069
307.2000	428.5000	697.1875	1145.7106
295.1429	424.2500	801.0000	1152.5000
465.0089	717.0168	1261.0156	1963.6545
387.6471	569.0000	944.9445	1419.8572
514.4662	844.4609	1452.2887	2388.0503
344.0000	483.0000	873.0000	1367.2500
892.9452	1409.7035	2508.6382	3998.0476
6892.4497	11331.4766	19879.4629	31554.2090
2125.4070	3389.1987	6209.0200	9538.3086
1598.5100	2573.5437	4579.9932	7287.3716
1262.9799	1997.9664	3486.9800	5328.1548
483.0000	608.0000	1182.6666	2073.0000
298.0000	538.0000	752.0000	1358.0000
361.3235	526.0769	956.8444	1487.5209
1640.1276	2573.1082	4490.9795	7052.9316
1332.4631	2145.5637	3847.3357	5632.6382
7809.0806	12793.6514	22672.0332	34153.4023
323.0000	432.0000	799.0000	1192.2500
275.8182	409.3077	745.1539	1143.8125
1842.7273	2860.2366	5267.9595	8643.7412
779.3082	1268.2014	2188.1914	3410.6516
4427.2349	7304.1611	13070.9795	20760.6172
2412.6174	3816.7449	6653.3555	9773.1758
531.0000	727.0000	1513.0000	2044.0000
1782.0338	2824.4392	5088.9185	7935.0972
372.8000	618.6000	998.0476	1456.7142
1179.0405	1818.6443	3312.0066	5078.9385
677.3500	1047.9320	1861.9932	2996.9565
406.5000	557.3684	948.1739	1491.5714
263.1429	402.5000	676.9412	1005.8372
376.8102	595.7222	1059.4965	1747.0077
1269.8724	1980.6757	3511.8582	5466.4346
296.0000	430.0000	861.0000	1205.0000
1138.6993	1751.9574	3074.6619	5132.9141
2292.3154	3716.4900	6633.6108	9946.8447
580.3356	843.6846	1530.3356	2218.4922
477.7434	698.9524	1275.0496	2038.7117
320.0000	440.0000	768.0000	1271.0000
356.0000	564.0000	1030.9000	1493.0000
320.0000	490.0000	718.0000	1228.0000
3361.6711	5404.1543	9591.3418	15415.4092
2951.2483	4672.6577	8239.9795	13227.2285
823.1714	1360.4166	2384.2339	3577.2346
2349.4219	3752.6912	6878.5771	10481.4092
398.0000	603.0000	1013.0000	1543.0000
788.9932	1233.2817	2328.0068	3700.3333
778.2416	1243.1812	2232.3757	3527.4727
482.6535	713.0252	1298.9459	2071.9238
530.6637	816.9362	1455.2384	2211.3635
1298.4900	1937.0806	3418.7249	5009.1484
443.0000	750.7500	1209.7273	1806.2727
733.7192	1195.9448	2149.4590	3473.5564
2701.7583	4230.1074	7349.2817	11146.2354
777.5227	1199.8383	2094.4539	3458.6460
324.0000	496.0000	827.6364	1304.0000
923.0769	1202.6666	2419.6924	3563.4666
1050.2349	1693.2483	2915.6980	4679.2217
1431.2222	2301.2271	4107.0220	6653.0254
421.1417	612.3015	1132.7333	1871.5133
528.5082	794.8688	1405.2941	2230.4285
679.4662	1119.8926	1924.7114	3032.2058
462.7438	692.8478	1223.7482	1918.8582
1756.4275	2719.2747	4781.0215	7915.3413
1285.2230	1973.7297	3554.0405	5075.1182
668.3116	1064.8169	1863.8715	2820.4924
551.2626	817.2895	1460.5200	2451.0674
2338.5171	3737.3379	6658.8389	10758.5488
710.7718	1092.0806	1932.8243	3143.6353
418.2240	650.6476	1141.3966	1753.3062
875.8571	1178.4468	1918.1400	3694.8718
2574.0000	4129.0938	7348.0200	11329.1748
769.8456	1236.9664	2126.6511	3497.7852
2332.0403	3607.5503	6415.2549	9326.7803
527.9592	819.3171	1494.4091	2404.2620
3280.6174	5308.4629	9668.2686	15252.2686
372.0000	534.5970	977.8406	1557.9125
518.8591	853.5034	1450.6510	2414.9524
466.4468	665.8077	1201.6666	2175.5686
483.6667	688.3714	1126.9656	1898.7675
358.0000	636.0000	1067.0000	1672.0000
695.0811	1078.6190	1920.3082	3026.3435
1054.9436	1601.8987	2917.2883	4606.6152
440.5714	594.6200	1081.4529	1700.1379
1707.2281	2684.6912	4676.2417	7456.7651
389.0000	492.0000	852.0000	1684.0000
472.4776	729.3384	1358.2142	1882.8414
467.0000	674.0000	1548.3334	2212.0000
1626.7755	2543.7383	4461.2280	7087.9692
556.0214	882.3706	1572.3597	2489.3706
960.7482	1507.0210	2594.7092	4024.0576
1833.3649	2941.5171	5265.9453	8303.3428
306.9118	480.0000	811.0364	1313.6061
2894.3311	4758.5908	8431.8389	11790.2695
976.2215	1595.6107	2776.8726	4339.2485
368.8429	542.2500	960.4167	1458.1600
5256.4160	8481.0938	14792.6582	22988.7441
255.0000	378.0000	733.0000	848.0000
6433.7383	9908.1875	17907.4023	26973.8242
536.4516	835.1429	1374.7821	2208.3381
507.1111	696.1481	1419.0000	2185.2500
699.2751	1113.0067	1889.7719	2940.4084
289.3333	486.1250	859.3530	1491.7142
279.0000	463.6667	761.5000	1196.0000
416.0000	641.0000	1035.0000	1632.0000
332.4711	501.8583	865.8226	1407.5055
250.0000	333.0000	549.0000	1053.0000
421.0000	685.0000	1074.0000	1855.0000
707.6015	1158.5608	2003.7365	3105.9055
1264.2313	2085.1946	3832.1946	5968.6978
816.7986	1233.7622	2241.2656	3658.6340
815.2098	1264.2466	2210.9500	3506.4233
447.1035	628.8681	1099.4674	1852.3137
302.0000	526.0000	919.0000	1517.5000
1127.5839	1770.5302	3129.2283	4990.8994
6764.3354	10651.3691	18793.3105	26703.0762
363.1176	569.0732	1004.8571	1495.9500
3367.9731	5303.7651	9322.2480	15264.3486
1594.2281	2469.4363	4355.6040	6798.0337
2091.5771	3358.6174	5890.2549	9275.1777
711.7302	1146.1617	1951.8261	3257.2556
241.0000	417.0000	949.0000	1594.1428
311.0000	428.0000	816.0000	1611.0000
516.8955	794.5342	1410.7698	2238.9436
948.6127	1469.7924	2514.3931	4157.9824
487.6931	808.2766	1446.1718	2133.0388
489.8367	690.8979	1329.5952	2136.5334
735.4564	1171.1477	2100.9329	3239.0613
466.4575	683.8016	1221.6040	1865.5454
7324.4429	11203.0264	19904.3496	30354.8203
983.0872	1513.4833	2712.7786	4044.4766
454.2138	715.9048	1386.3611	1949.0000
966.5714	1540.5067	2708.3557	4432.7046
364.2308	505.1912	883.9855	1365.8800
1268.8456	1907.3289	3439.2751	5023.7134
485.9313	734.8045	1265.9718	1983.4275
1486.3826	2426.8523	4315.7451	6683.6040
2689.0806	4227.9663	7595.4028	12271.9326
271.4118	375.8750	758.4445	1070.9117
2027.9329	3271.7249	5703.1206	9508.6777
2234.9521	3513.3040	6345.1421	10080.9463
3098.0872	4851.1743	8645.4092	13825.2217
364.0000	614.0000	1014.0000	1406.0000
537.3716	838.5705	1439.2162	2358.8513
1204.2483	1885.3289	3275.5034	5329.6914
732.1884	1089.0441	1901.1282	3068.8823
1131.7958	1742.0000	3132.8699	4935.8701
1964.5234	3129.5676	5481.9053	8460.2588
505.4348	772.0438	1382.3105	2210.3799
459.0137	716.8803	1243.2671	1948.6488
290.0000	454.0000	729.0000	973.0000
774.1000	1183.0071	2063.7305	3328.4219
1191.3264	1945.0676	3286.3562	4780.4644
753.3007	1199.8138	2089.7986	3358.7534
307.9412	468.2963	806.1379	1223.7317
2347.4497	3603.5840	6365.4629	8869.1406
855.2083	1290.0360	2231.5034	3532.9421
289.0000	457.0000	885.0000	1387.0000
294.2500	443.2571	787.6326	1124.1493
1279.0604	2007.4094	3564.9934	5196.5000
353.0000	470.0000	982.0000	1258.0000
322.0000	504.7500	737.6111	1311.6000
1429.0403	2176.9048	3846.2178	6132.6567
979.6757	1547.0204	2817.4177	4429.3970
308.7143	477.8979	801.8549	1238.6809
964.0806	1521.4698	2741.4832	4353.5234
391.0000	585.0000	933.0000	1334.0000
427.8518	691.1739	1229.8379	1897.3551
2092.4966	3276.2014	5853.2485	9557.7588
397.0000	584.0000	1049.3334	1788.7500
718.7718	1125.7838	2034.3691	3108.1655
1073.1343	1713.5570	2931.4429	4468.7173
544.1610	806.9531	1488.5511	2345.0188
453.0000	675.0000	1086.0000	1734.0000
5073.8857	7782.6709	13568.7500	21247.4727
4458.7114	7284.9863	12976.7051	22037.8477
245.0000	414.0000	831.0000	1229.0000
284.0000	467.0000	821.0000	1330.0000
759.8188	1143.7584	2013.3356	3133.3865
403.5699	609.4454	1076.7615	1608.3761
932.8188	1505.4027	2717.4094	4457.1948
729.2518	1097.3490	1896.9932	3170.6206
654.9268	971.1630	1689.3383	2684.7441
509.0000	669.0000	1259.3334	1899.1428
390.8667	525.0513	978.0400	1495.1666
458.6190	697.9549	1285.6119	1933.6229
326.0000	505.0000	1087.0000	1009.0000
3593.2617	5786.8457	10565.2217	16732.0410
3742.7383	5918.7314	10691.0264	17273.5840
893.7584	1352.1343	2390.6174	3621.1428
361.0000	521.0000	944.0000	1537.0000
735.4966	1153.3810	2077.6326	3258.8345
807.2550	1294.6376	2247.1946	3547.4229
620.8060	934.8134	1716.8969	2563.2124
809.0473	1326.0067	2327.0537	3714.7969
1788.5704	2749.9531	4886.0537	7751.3892
2902.8562	4572.3540	8046.3193	12515.2148
560.7500	810.3333	1840.5000	2498.0000
905.2979	1342.9860	2523.7427	4223.4536
293.0000	498.0000	802.0000	1663.0000
3458.7449	5732.5234	10108.6445	16302.0674
2250.3647	3550.1343	6273.7451	9866.3330
438.4853	707.4150	1170.6740	1948.6372
355.2281	553.1343	932.5735	1486.1193
29266.6836	48489.9805	62533.4375	64661.2891
9090.0938	13972.4971	24430.7383	38203.9180
8198.4697	13155.3896	23450.0410	36288.5039
20709.2148	32875.5156	49956.9609	53001.4063
8354.8652	13303.4229	23273.1953	34477.0820
8736.2148	13875.8926	24782.5781	32860.0703
8753.3486	13726.4971	24345.7188	38277.7578
9093.5098	13983.9463	24792.0879	39173.3008
10588.4658	17117.0469	30296.5645	41030.9102
21518.3633	33471.7930	49509.6094	57090.9375
8416.0840	13734.2393	24114.0410	39472.8125
10574.1494	16694.0273	29821.7344	41718.6563
8219.4971	13166.5566	22328.4629	33908.3359
22194.3223	34294.1563	53914.0820	53361.2695
11346.3760	17693.5098	31019.0410	46708.6328
17691.4766	28032.1484	44355.7383	59475.5859
24239.7051	38312.0742	51805.3984	52465.1797
9603.5439	15179.4561	26954.4766	36603.1953
8581.2080	13818.7783	24362.6777	34356.6797
9047.8994	13867.1279	23815.4023	37883.8516
8387.8320	12618.1279	22973.1133	31899.6270
13587.2617	21706.4570	37638.9453	53016.2422
8090.7383	12423.0068	21914.9805	33891.0391
25170.2207	38133.3633	55863.6094	56827.4844
10440.5908	15710.1016	27804.2773	41950.4492
10758.8184	16645.0137	29193.6777	43096.3984
9292.2148	14415.8184	25201.5430	39514.9180
10934.7773	17727.6660	31010.6504	42024.3984
24996.1406	40050.3555	60561.8242	57099.1914
8460.1699	14169.4229	24799.5039	36833.1758
30634.8320	48264.0664	63909.6406	65344.2969
8096.6108	12676.4326	22441.4063	34421.5273
24992.7852	37660.0859	57177.4102	62389.6094
8478.6279	13247.3555	23311.8398	32226.1074
18791.7383	29611.1270	51552.5352	61744.1133
30253.3027	46209.8047	61257.9805	62709.5625
25480.7852	41530.8125	58345.2266	59272.0703
19186.1602	30096.2676	50063.7188	61361.0352
10064.7588	16177.6045	28696.5430	41513.9453
9229.6621	15887.6377	27651.9258	42527.9141
8103.4565	12715.7852	22188.3086	31025.0273
9053.3418	14294.0205	24195.1543	36415.4922
10863.0000	17388.9863	30590.4160	42908.2813
12156.4902	19116.3418	33973.4961	48180.3945
20432.7246	32955.7578	53187.5508	63790.3008
10196.7549	16315.1729	28650.7109	41145.4648
8162.4053	13229.6641	23380.0664	36240.1992
8713.1680	13429.7646	24214.4492	35745.7383
15247.1611	24469.6035	43724.0859	55973.1758
8753.4834	13322.3691	23668.2344	33486.1563
12525.5439	20093.5566	35353.1758	42301.6328
9867.5977	15393.8994	27494.5781	41917.1680
27919.0273	44579.6641	60854.2813	64199.9063
13657.1543	21877.3496	38868.0664	43081.8984
9498.0537	14703.3223	26197.3164	41106.5313
10567.5635	16256.3896	29279.7578	44976.5391
14826.4971	23049.8926	40503.6641	54254.3555
31027.1133	48740.7461	63803.8789	63579.3359
36160.3438	55858.2891	65483.3945	63559.0742
12956.4160	20529.1816	36284.8320	43097.3828
8772.3760	13543.7520	23846.8789	34096.5195
14053.5234	23024.0938	40602.4414	42934.2227
24594.4355	38826.9453	57759.7773	58764.2500
16170.2754	25619.0195	44717.3828	56889.6992
29548.7109	50141.5508	64528.1484	64185.5352
10300.3623	16323.4023	28624.6113	42507.0000
20925.4902	32516.1543	50490.3477	56047.7305
15891.7051	25497.2344	44077.9883	50381.6016
9467.1680	15136.5566	25880.0801	40234.3164
13482.1816	20842.9805	36476.7031	44012.8789
12943.9463	20730.9805	36747.8984	49144.2734
12682.9736	19989.7988	35237.9063	46963.0859
11959.1680	18838.7051	33692.6641	45266.7305
8772.3691	13348.0068	23594.6113	36522.1602
31656.6309	51443.5156	59976.9414	58404.2969
10351.1406	15885.9121	27764.0137	41266.8359
14059.9053	22708.8301	40703.8438	47120.6680
10742.6309	17121.4160	30355.0273	47449.2891
11840.0000	19355.6777	34013.7773	47414.8789
34466.9336	55237.4844	64198.7031	63434.6328
8484.4902	12974.0000	22666.4824	32918.9414
12944.2949	20212.5039	35267.2148	49473.1328
11144.3086	17391.0742	30474.2559	42794.9727
13374.2080	21160.1816	38533.2969	44822.1445
13844.2891	21920.9727	38529.7305	46637.4023
8220.2891	13038.8242	22708.9453	35244.0117
11023.1338	17069.6211	30490.6113	44360.7305
10894.1406	17478.9941	30886.4023	45816.6523
19638.5430	32083.6777	50279.4102	59440.0391
8771.4629	14043.9932	24931.9727	38081.5234
10423.9600	16848.1016	29663.0801	42209.9648
9829.8994	15507.7207	27181.3965	41735.3594
8148.1143	13428.6309	23580.5293	37089.9258
8480.0537	13823.6309	24274.0801	38782.6094
15563.1338	25620.9121	44949.1211	49349.5508
29758.6914	47692.5039	64910.7109	64051.2500
14419.7178	23314.7988	40890.8203	50851.0273
13181.6709	21107.4961	36790.4961	44840.4648
11918.3418	18988.4355	33404.0117	38163.4180
8940.9258	14214.8389	25611.4961	40729.8281
8995.1279	14050.5635	24680.8125	38634.4570
19508.0273	32083.8262	51207.0117	60378.0117
10980.6533	17060.4355	30184.8242	38666.9648
11561.3359	17777.3359	31386.3691	37446.8516
10596.0273	17066.9316	30126.4355	45712.1992
14050.0068	22272.5703	39210.5703	41520.7461
12481.3623	19270.7051	34745.0000	43583.7500
11032.9326	17849.3750	31441.0137	44996.4375
9210.9326	14958.5840	26177.0664	40005.9336
10626.6172	17250.6719	30600.1738	42142.6992
9317.6641	14849.3545	26172.0703	37033.8477
13789.1611	21329.7324	37371.5117	49481.9805
10970.6309	17222.3633	30180.9863	42271.3594
15843.4092	24212.5566	42929.4375	47307.0195
12794.4492	20387.3359	36353.8984	50447.3633
33223.5977	54461.1875	62721.1602	63991.6523
13226.4365	20578.6719	35756.6250	48300.2383
8954.0674	13993.5166	24431.7852	39111.6836
8423.4971	12850.9932	22560.8652	35328.6836
11558.0469	18184.6367	31671.1875	45638.2773
8260.5977	12674.2549	22739.1953	32638.4922
10688.1279	16514.1953	28949.9727	39497.7461
9992.9131	16501.1602	29115.6113	41491.4766
10328.3828	15919.7383	28048.2754	41813.4219
8416.5566	13154.9199	23031.8047	32334.9238
10074.0869	15772.7852	27610.2090	39016.4297
49219.0547	62245.5977	64472.0078	62978.2422
33860.1602	54158.6992	62852.2266	58188.0313
9166.4092	14412.3896	25310.3887	39936.7773
33598.8320	54272.6797	64087.7930	62833.6055
11208.3555	17648.5703	31319.3926	39367.1211
10607.7451	16649.3555	28774.7031	43431.7148
14029.1748	21887.9727	38342.0000	50689.9609
13388.2891	21080.7441	36738.4180	49815.6719
12369.1533	19592.9492	38965.8516	49110.6992
22709.4434	34722.9063	51832.4336	58225.2539
18386.9473	28973.8047	50119.1328	60597.9141
17202.4961	26219.8320	46742.2070	51275.3594
16050.8789	24844.2285	43841.2500	51741.2031
15774.7109	24995.8242	43753.9805	52663.4844
18287.2852	31833.6582	52054.7852	57782.6094
26414.4824	41067.3203	60272.7461	62452.5625
11399.0674	18114.4902	31570.2480	46934.0273
9621.9395	16509.4766	28758.4570	41814.9727
12076.9258	19280.4102	33665.1484	42289.5781
24885.9063	38317.2070	55550.8906	63807.7031
8189.4731	13433.0068	23598.7637	38347.7227
10206.6641	15683.7178	26870.8789	38899.9609
9213.2480	14747.5098	26081.6582	41263.6055
13020.1006	20337.7441	35633.8945	49315.9805
8502.5703	13442.7637	23644.6074	39117.7266
8104.0605	12552.2617	21548.9258	31431.3750
11939.1279	18582.3887	32967.3477	48963.5977
27288.1816	41983.7578	58743.8984	56467.4492
12195.1074	19080.4102	33249.6250	45531.4961
30942.4355	47812.0547	62130.8164	62382.6094
11267.6172	18449.7441	32435.3086	46760.6758
12520.1211	20568.0938	36265.2539	50988.0117
10826.4297	18202.7441	31813.0410	39968.7930
9348.3623	14436.0000	26181.0059	41249.9063
18878.0000	29046.2422	50557.9453	56102.0352
8174.4360	12608.8926	22367.8262	32895.3203
13119.0400	20884.5293	36888.8438	53135.5430
8859.4658	14526.0869	25805.0469	40390.6680
9506.1279	14692.3691	25275.5508	35220.8555
11029.2549	17739.7324	31376.7910	46614.2539
9882.6582	15556.0869	27397.9336	40017.3867
12531.3154	19390.6367	33617.0859	46048.5156
14358.3691	22670.3750	39735.9883	52732.6719
23606.4160	36624.8516	52337.0859	60327.1367
14160.7051	23110.1816	40694.8945	55369.8789
13978.2354	21435.6309	37061.7031	45304.9531
20625.8457	32618.7793	50827.1289	58596.4570
22346.0605	36346.5977	56708.2031	59018.9453
12300.6846	19471.9668	34578.4883	46918.3008
20566.7969	31842.0801	48726.0234	60809.2305
9675.6514	15244.6445	26836.1563	39802.7773
16069.4023	25198.3633	44661.4648	47741.4922
10246.5508	16382.7852	28840.6641	45724.7578
15682.3955	24975.9336	43877.5625	43172.5273
10344.5029	16353.8662	28449.2148	41534.6367
20678.4902	32327.0527	54707.2813	64209.8242
10272.1611	16015.8125	27954.4570	41924.8398
8896.0332	14021.9531	25067.5371	31151.0625
16216.4434	25310.5098	44773.8398	52197.8906
25681.5781	39992.3555	58178.9922	58622.3555
11330.1816	17878.7988	31417.4629	43743.8594
10958.7451	17194.3086	30448.6250	41298.7969
18432.5234	27889.6914	48980.0586	54901.9180
34220.1797	53646.5781	65019.9648	64088.4688
11834.4902	18807.7109	32911.5117	46826.1836
9620.9551	18467.6914	32254.2148	47070.0273
13025.1543	19995.9805	34913.4688	48641.4570
11203.0068	17594.9531	28094.3574	45375.8242
16145.4229	24978.0605	43945.0547	44253.7539
16336.2080	25385.5176	44402.7461	53044.2148
13122.8252	20644.0469	38440.5156	47856.7930
19445.0137	33609.5430	51408.6641	60891.4844
11240.2031	17694.0332	31628.2480	43794.3633
9954.5098	15828.5098	27715.5293	41635.0664
10593.9932	17189.2813	30376.9473	42119.3125
14150.1748	21799.1270	39241.8594	46844.2305
10592.6914	16323.1611	29061.7910	44251.1484
17145.0801	28088.8867	45711.6094	56913.1406
11753.0537	18043.6367	33115.3555	42179.3438
17934.7715	27754.9473	49445.9180	54379.0820
14782.3955	24231.5898	42777.0664	52383.6914
13314.1475	21309.4766	37298.8320	51767.2695
9536.9795	15075.3486	26549.9590	39605.0078
8238.3154	13228.2012	23372.2207	37440.1953
8581.2617	13766.7246	23893.3633	34891.7539
20291.1074	32592.3027	50260.9648	59962.6836
26941.8457	40964.8203	61210.2695	60184.3008
9115.2949	14144.1475	24194.2285	36488.0469
9749.2617	15676.5029	28052.7656	43293.6250
8977.6982	14118.2012	24857.8652	36643.8594
17548.3359	28126.5898	49040.6563	59942.9297
13696.8389	21544.1016	38239.6914	50888.6016
10023.8662	15690.1680	27551.1602	43894.2773
17649.5703	25986.2207	46259.3945	58968.0000
8854.7920	14098.3086	24738.1484	38040.0430
9974.0205	15719.6982	27495.5176	39213.4023
10303.2822	15612.2012	27550.7441	37538.1133
10294.0674	16022.0605	28567.5039	40682.3203
20479.4180	33592.7852	53293.4883	54722.3711
